# width height
  48   19
# x y
  12   24
  12   52
  12   80
  12  108
  12  164
  11  193
  12  222
  12  251
  12  280
  71   24
  71   53
  71   81
  72  108
  71  135
  72  164
  71  194
  70  222
  70  251
  71  280
 129   24
 131   54
 132   82
 132  109
 131  137
 131  164
 131  195
 131  222
 130  252
 131  280
 187   24
 187   54
 190   82
 189  109
 188  136
 188  164
 187  194
 188  221
 188  251
 189  281
 244   24
 244   53
 245   81
 245  110
 245  139
 245  166
 246  194
 246  222
 245  251
 247  281
 299   23
 299   52
 299   80
 300  110
 300  138
 300  166
